{
 "cells": [
  {
   "cell_type": "markdown",
   "metadata": {},
   "source": [
    "Based on the program developed in the lecture, implement a nonlinear Kernel analysis based on SVM for (a) polynomial kernels (poly) of at least 2 different degrees of your choice, and (b) for radial base functions (rbf). Apply the analysis to the breast cancer database, or a database of your choice. Study the classification performance in terms of suitable measures of your choice (e.g., accuracy, precision, recall, f1, k-folds) as a function of the hyperparameters $\\gamma$ (gamma) and degree (for polynomials), and gamma and penalty C for rbf kernels. It is on you if you want to use GridSearch, RandomSearch, hyperopt, or just to try a few combinations of the hyperparameters. Hint: Hyperopt may require you to install or update some libraries outside the Jupyter notebook. The program must end with the output ”Hyper, hyper!”."
   ]
  },
  {
   "cell_type": "markdown",
   "metadata": {},
   "source": [
    "# 0. Imports, global variables/constants, and datasets"
   ]
  },
  {
   "cell_type": "code",
   "execution_count": 1,
   "metadata": {},
   "outputs": [
    {
     "name": "stdout",
     "output_type": "stream",
     "text": [
      "Features:  ['mean radius' 'mean texture' 'mean perimeter' 'mean area'\n",
      " 'mean smoothness' 'mean compactness' 'mean concavity'\n",
      " 'mean concave points' 'mean symmetry' 'mean fractal dimension'\n",
      " 'radius error' 'texture error' 'perimeter error' 'area error'\n",
      " 'smoothness error' 'compactness error' 'concavity error'\n",
      " 'concave points error' 'symmetry error' 'fractal dimension error'\n",
      " 'worst radius' 'worst texture' 'worst perimeter' 'worst area'\n",
      " 'worst smoothness' 'worst compactness' 'worst concavity'\n",
      " 'worst concave points' 'worst symmetry' 'worst fractal dimension']\n",
      "Labels:  ['malignant' 'benign']\n",
      "(569, 30)\n"
     ]
    }
   ],
   "source": [
    "from sklearn import svm\n",
    "\n",
    "import pandas as pd\n",
    "\n",
    "from sklearn.metrics import precision_recall_fscore_support\n",
    "\n",
    "import numpy as np\n",
    "\n",
    "# Load datasets\n",
    "from sklearn import datasets\n",
    "cancer = datasets.load_breast_cancer()\n",
    "print(\"Features: \", cancer.feature_names)\n",
    "print(\"Labels: \", cancer.target_names)\n",
    "print(cancer.data.shape)\n",
    "from sklearn.model_selection import train_test_split\n",
    "X_train, X_test, y_train, y_test = train_test_split(\n",
    "    cancer.data, \n",
    "    cancer.target, \n",
    "    test_size=0.3,\n",
    "    random_state=77\n",
    ")\n",
    "\n",
    "import warnings\n",
    "warnings.filterwarnings(\"ignore\")"
   ]
  },
  {
   "cell_type": "markdown",
   "metadata": {},
   "source": [
    "# 1. (a) Nonlinear Kernel analysis based on SVM for polynomial kernels, 2 degrees"
   ]
  },
  {
   "cell_type": "code",
   "execution_count": 2,
   "metadata": {},
   "outputs": [],
   "source": [
    "clf_poly = svm.SVC(\n",
    "    kernel='poly',\n",
    "    degree=2,\n",
    "    gamma='auto'\n",
    ")"
   ]
  },
  {
   "cell_type": "markdown",
   "metadata": {},
   "source": [
    "# 2. (b) Nonlinear Kernel analysis based on SVM for radial base functions"
   ]
  },
  {
   "cell_type": "code",
   "execution_count": 3,
   "metadata": {},
   "outputs": [],
   "source": [
    "clf_rbf = svm.SVC(kernel='rbf')"
   ]
  },
  {
   "cell_type": "markdown",
   "metadata": {},
   "source": [
    "# 3. Apply analysis to the breast cancer database (or another database)"
   ]
  },
  {
   "cell_type": "code",
   "execution_count": 4,
   "metadata": {},
   "outputs": [
    {
     "data": {
      "text/plain": [
       "SVC(C=1.0, cache_size=200, class_weight=None, coef0=0.0,\n",
       "    decision_function_shape='ovr', degree=3, gamma='auto_deprecated',\n",
       "    kernel='rbf', max_iter=-1, probability=False, random_state=None,\n",
       "    shrinking=True, tol=0.001, verbose=False)"
      ]
     },
     "execution_count": 4,
     "metadata": {},
     "output_type": "execute_result"
    }
   ],
   "source": [
    "clf_poly.fit(X_train, y_train)\n",
    "clf_rbf.fit(X_train, y_train)"
   ]
  },
  {
   "cell_type": "markdown",
   "metadata": {},
   "source": [
    "# 4. Study classification performance (accuracy, precision, recall, f1, k-folds) as a function of the hyperparameters $\\gamma$ and degree (for polynomials), and $\\gamma$ and penalty $C$ for rbf kernels."
   ]
  },
  {
   "cell_type": "markdown",
   "metadata": {},
   "source": [
    "I decided to try different parameters and plot the test scores."
   ]
  },
  {
   "cell_type": "code",
   "execution_count": 5,
   "metadata": {
    "scrolled": true
   },
   "outputs": [
    {
     "name": "stdout",
     "output_type": "stream",
     "text": [
      "***POLY***\n",
      "Sorted by accuracy\n",
      "    accuracy  precision    recall   f_score            gamma  degree penalty_c\n",
      "17  0.970760   0.964286  0.964286  0.977376  auto_deprecated     2.0      None\n",
      "16  0.970760   0.983051  0.983051  0.958678  auto_deprecated     2.0      None\n",
      "11  0.970760   0.964286  0.964286  0.977376             auto     2.0      None\n",
      "10  0.970760   0.983051  0.983051  0.958678             auto     2.0      None\n",
      "8   0.964912   0.966667  0.966667  0.950820             auto     1.0      None\n",
      "15  0.964912   0.963964  0.963964  0.972727  auto_deprecated     1.0      None\n",
      "14  0.964912   0.966667  0.966667  0.950820  auto_deprecated     1.0      None\n",
      "9   0.964912   0.963964  0.963964  0.972727             auto     1.0      None\n",
      "5   0.906433   0.878049  0.878049  0.931034            scale     2.0      None\n",
      "4   0.906433   0.979167  0.979167  0.854545            scale     2.0      None\n",
      "3   0.900585   0.870968  0.870968  0.927039            scale     1.0      None\n",
      "2   0.900585   0.978723  0.978723  0.844037            scale     1.0      None\n",
      "7   0.637427   0.637427  0.637427  0.778571             auto     0.0      None\n",
      "1   0.637427   0.637427  0.637427  0.778571            scale     0.0      None\n",
      "6   0.637427   0.000000  0.000000  0.000000             auto     0.0      None\n",
      "12  0.637427   0.000000  0.000000  0.000000  auto_deprecated     0.0      None\n",
      "13  0.637427   0.637427  0.637427  0.778571  auto_deprecated     0.0      None\n",
      "0   0.637427   0.000000  0.000000  0.000000            scale     0.0      None\n",
      "\n",
      "Sorted by precision\n",
      "    accuracy  precision    recall   f_score            gamma  degree penalty_c\n",
      "10  0.970760   0.983051  0.983051  0.958678             auto     2.0      None\n",
      "16  0.970760   0.983051  0.983051  0.958678  auto_deprecated     2.0      None\n",
      "4   0.906433   0.979167  0.979167  0.854545            scale     2.0      None\n",
      "2   0.900585   0.978723  0.978723  0.844037            scale     1.0      None\n",
      "14  0.964912   0.966667  0.966667  0.950820  auto_deprecated     1.0      None\n",
      "8   0.964912   0.966667  0.966667  0.950820             auto     1.0      None\n",
      "17  0.970760   0.964286  0.964286  0.977376  auto_deprecated     2.0      None\n",
      "11  0.970760   0.964286  0.964286  0.977376             auto     2.0      None\n",
      "15  0.964912   0.963964  0.963964  0.972727  auto_deprecated     1.0      None\n",
      "9   0.964912   0.963964  0.963964  0.972727             auto     1.0      None\n",
      "5   0.906433   0.878049  0.878049  0.931034            scale     2.0      None\n",
      "3   0.900585   0.870968  0.870968  0.927039            scale     1.0      None\n",
      "1   0.637427   0.637427  0.637427  0.778571            scale     0.0      None\n",
      "7   0.637427   0.637427  0.637427  0.778571             auto     0.0      None\n",
      "13  0.637427   0.637427  0.637427  0.778571  auto_deprecated     0.0      None\n",
      "12  0.637427   0.000000  0.000000  0.000000  auto_deprecated     0.0      None\n",
      "6   0.637427   0.000000  0.000000  0.000000             auto     0.0      None\n",
      "0   0.637427   0.000000  0.000000  0.000000            scale     0.0      None\n",
      "\n",
      "Sorted by recall\n",
      "    accuracy  precision    recall   f_score            gamma  degree penalty_c\n",
      "10  0.970760   0.983051  0.983051  0.958678             auto     2.0      None\n",
      "16  0.970760   0.983051  0.983051  0.958678  auto_deprecated     2.0      None\n",
      "4   0.906433   0.979167  0.979167  0.854545            scale     2.0      None\n",
      "2   0.900585   0.978723  0.978723  0.844037            scale     1.0      None\n",
      "14  0.964912   0.966667  0.966667  0.950820  auto_deprecated     1.0      None\n",
      "8   0.964912   0.966667  0.966667  0.950820             auto     1.0      None\n",
      "17  0.970760   0.964286  0.964286  0.977376  auto_deprecated     2.0      None\n",
      "11  0.970760   0.964286  0.964286  0.977376             auto     2.0      None\n",
      "15  0.964912   0.963964  0.963964  0.972727  auto_deprecated     1.0      None\n",
      "9   0.964912   0.963964  0.963964  0.972727             auto     1.0      None\n",
      "5   0.906433   0.878049  0.878049  0.931034            scale     2.0      None\n",
      "3   0.900585   0.870968  0.870968  0.927039            scale     1.0      None\n",
      "1   0.637427   0.637427  0.637427  0.778571            scale     0.0      None\n",
      "7   0.637427   0.637427  0.637427  0.778571             auto     0.0      None\n",
      "13  0.637427   0.637427  0.637427  0.778571  auto_deprecated     0.0      None\n",
      "12  0.637427   0.000000  0.000000  0.000000  auto_deprecated     0.0      None\n",
      "6   0.637427   0.000000  0.000000  0.000000             auto     0.0      None\n",
      "0   0.637427   0.000000  0.000000  0.000000            scale     0.0      None\n",
      "\n",
      "Sorted by f-score\n",
      "    accuracy  precision    recall   f_score            gamma  degree penalty_c\n",
      "17  0.970760   0.964286  0.964286  0.977376  auto_deprecated     2.0      None\n",
      "11  0.970760   0.964286  0.964286  0.977376             auto     2.0      None\n",
      "15  0.964912   0.963964  0.963964  0.972727  auto_deprecated     1.0      None\n",
      "9   0.964912   0.963964  0.963964  0.972727             auto     1.0      None\n",
      "10  0.970760   0.983051  0.983051  0.958678             auto     2.0      None\n",
      "16  0.970760   0.983051  0.983051  0.958678  auto_deprecated     2.0      None\n",
      "8   0.964912   0.966667  0.966667  0.950820             auto     1.0      None\n",
      "14  0.964912   0.966667  0.966667  0.950820  auto_deprecated     1.0      None\n",
      "5   0.906433   0.878049  0.878049  0.931034            scale     2.0      None\n",
      "3   0.900585   0.870968  0.870968  0.927039            scale     1.0      None\n",
      "4   0.906433   0.979167  0.979167  0.854545            scale     2.0      None\n",
      "2   0.900585   0.978723  0.978723  0.844037            scale     1.0      None\n",
      "7   0.637427   0.637427  0.637427  0.778571             auto     0.0      None\n",
      "1   0.637427   0.637427  0.637427  0.778571            scale     0.0      None\n",
      "13  0.637427   0.637427  0.637427  0.778571  auto_deprecated     0.0      None\n",
      "6   0.637427   0.000000  0.000000  0.000000             auto     0.0      None\n",
      "12  0.637427   0.000000  0.000000  0.000000  auto_deprecated     0.0      None\n",
      "0   0.637427   0.000000  0.000000  0.000000            scale     0.0      None\n",
      "\n",
      "\n",
      "\n",
      "\n",
      "***RBF***\n",
      "Sorted by accuracy\n",
      "    accuracy  precision    recall   f_score            gamma degree  penalty_c\n",
      "4   0.941520   0.964286  0.964286  0.915254            scale   None       10.0\n",
      "5   0.941520   0.930435  0.930435  0.955357            scale   None       10.0\n",
      "2   0.912281   0.979592  0.979592  0.864865            scale   None        1.0\n",
      "3   0.912281   0.885246  0.885246  0.935065            scale   None        1.0\n",
      "0   0.894737   0.978261  0.978261  0.833333            scale   None        0.1\n",
      "1   0.894737   0.864000  0.864000  0.923077            scale   None        0.1\n",
      "12  0.637427   0.000000  0.000000  0.000000  auto_deprecated   None        0.1\n",
      "16  0.637427   0.000000  0.000000  0.000000  auto_deprecated   None       10.0\n",
      "15  0.637427   0.637427  0.637427  0.778571  auto_deprecated   None        1.0\n",
      "14  0.637427   0.000000  0.000000  0.000000  auto_deprecated   None        1.0\n",
      "13  0.637427   0.637427  0.637427  0.778571  auto_deprecated   None        0.1\n",
      "9   0.637427   0.637427  0.637427  0.778571             auto   None        1.0\n",
      "11  0.637427   0.637427  0.637427  0.778571             auto   None       10.0\n",
      "10  0.637427   0.000000  0.000000  0.000000             auto   None       10.0\n",
      "8   0.637427   0.000000  0.000000  0.000000             auto   None        1.0\n",
      "7   0.637427   0.637427  0.637427  0.778571             auto   None        0.1\n",
      "6   0.637427   0.000000  0.000000  0.000000             auto   None        0.1\n",
      "17  0.637427   0.637427  0.637427  0.778571  auto_deprecated   None       10.0\n",
      "\n",
      "Sorted by precision\n",
      "    accuracy  precision    recall   f_score            gamma degree  penalty_c\n",
      "2   0.912281   0.979592  0.979592  0.864865            scale   None        1.0\n",
      "0   0.894737   0.978261  0.978261  0.833333            scale   None        0.1\n",
      "4   0.941520   0.964286  0.964286  0.915254            scale   None       10.0\n",
      "5   0.941520   0.930435  0.930435  0.955357            scale   None       10.0\n",
      "3   0.912281   0.885246  0.885246  0.935065            scale   None        1.0\n",
      "1   0.894737   0.864000  0.864000  0.923077            scale   None        0.1\n",
      "15  0.637427   0.637427  0.637427  0.778571  auto_deprecated   None        1.0\n",
      "13  0.637427   0.637427  0.637427  0.778571  auto_deprecated   None        0.1\n",
      "11  0.637427   0.637427  0.637427  0.778571             auto   None       10.0\n",
      "9   0.637427   0.637427  0.637427  0.778571             auto   None        1.0\n",
      "7   0.637427   0.637427  0.637427  0.778571             auto   None        0.1\n",
      "17  0.637427   0.637427  0.637427  0.778571  auto_deprecated   None       10.0\n",
      "10  0.637427   0.000000  0.000000  0.000000             auto   None       10.0\n",
      "8   0.637427   0.000000  0.000000  0.000000             auto   None        1.0\n",
      "12  0.637427   0.000000  0.000000  0.000000  auto_deprecated   None        0.1\n",
      "14  0.637427   0.000000  0.000000  0.000000  auto_deprecated   None        1.0\n",
      "6   0.637427   0.000000  0.000000  0.000000             auto   None        0.1\n",
      "16  0.637427   0.000000  0.000000  0.000000  auto_deprecated   None       10.0\n",
      "\n",
      "Sorted by recall\n",
      "    accuracy  precision    recall   f_score            gamma degree  penalty_c\n",
      "2   0.912281   0.979592  0.979592  0.864865            scale   None        1.0\n",
      "0   0.894737   0.978261  0.978261  0.833333            scale   None        0.1\n",
      "4   0.941520   0.964286  0.964286  0.915254            scale   None       10.0\n",
      "5   0.941520   0.930435  0.930435  0.955357            scale   None       10.0\n",
      "3   0.912281   0.885246  0.885246  0.935065            scale   None        1.0\n",
      "1   0.894737   0.864000  0.864000  0.923077            scale   None        0.1\n",
      "15  0.637427   0.637427  0.637427  0.778571  auto_deprecated   None        1.0\n",
      "13  0.637427   0.637427  0.637427  0.778571  auto_deprecated   None        0.1\n",
      "11  0.637427   0.637427  0.637427  0.778571             auto   None       10.0\n",
      "9   0.637427   0.637427  0.637427  0.778571             auto   None        1.0\n",
      "7   0.637427   0.637427  0.637427  0.778571             auto   None        0.1\n",
      "17  0.637427   0.637427  0.637427  0.778571  auto_deprecated   None       10.0\n",
      "10  0.637427   0.000000  0.000000  0.000000             auto   None       10.0\n",
      "8   0.637427   0.000000  0.000000  0.000000             auto   None        1.0\n",
      "12  0.637427   0.000000  0.000000  0.000000  auto_deprecated   None        0.1\n",
      "14  0.637427   0.000000  0.000000  0.000000  auto_deprecated   None        1.0\n",
      "6   0.637427   0.000000  0.000000  0.000000             auto   None        0.1\n",
      "16  0.637427   0.000000  0.000000  0.000000  auto_deprecated   None       10.0\n",
      "\n",
      "Sorted by f-score\n",
      "    accuracy  precision    recall   f_score            gamma degree  penalty_c\n",
      "5   0.941520   0.930435  0.930435  0.955357            scale   None       10.0\n",
      "3   0.912281   0.885246  0.885246  0.935065            scale   None        1.0\n",
      "1   0.894737   0.864000  0.864000  0.923077            scale   None        0.1\n",
      "4   0.941520   0.964286  0.964286  0.915254            scale   None       10.0\n",
      "2   0.912281   0.979592  0.979592  0.864865            scale   None        1.0\n",
      "0   0.894737   0.978261  0.978261  0.833333            scale   None        0.1\n",
      "15  0.637427   0.637427  0.637427  0.778571  auto_deprecated   None        1.0\n",
      "13  0.637427   0.637427  0.637427  0.778571  auto_deprecated   None        0.1\n",
      "11  0.637427   0.637427  0.637427  0.778571             auto   None       10.0\n",
      "9   0.637427   0.637427  0.637427  0.778571             auto   None        1.0\n",
      "7   0.637427   0.637427  0.637427  0.778571             auto   None        0.1\n",
      "17  0.637427   0.637427  0.637427  0.778571  auto_deprecated   None       10.0\n",
      "10  0.637427   0.000000  0.000000  0.000000             auto   None       10.0\n",
      "8   0.637427   0.000000  0.000000  0.000000             auto   None        1.0\n",
      "12  0.637427   0.000000  0.000000  0.000000  auto_deprecated   None        0.1\n",
      "14  0.637427   0.000000  0.000000  0.000000  auto_deprecated   None        1.0\n",
      "6   0.637427   0.000000  0.000000  0.000000             auto   None        0.1\n",
      "16  0.637427   0.000000  0.000000  0.000000  auto_deprecated   None       10.0\n"
     ]
    }
   ],
   "source": [
    "def get_accuracy_precision_recall_f_score(clf_instance, X_train, y_train, X_test, y_test):\n",
    "    clf_instance.fit(\n",
    "        X_train, \n",
    "        y_train\n",
    "    )\n",
    "\n",
    "    y_pred = clf_instance.predict(X_test)\n",
    "\n",
    "    accuracy = clf_instance.score(X_test, y_test)\n",
    "\n",
    "    precision, recall, f_score, _ = precision_recall_fscore_support(y_test, y_pred)\n",
    "    \n",
    "    return accuracy, precision, recall, f_score\n",
    "\n",
    "def analyze_svm(hyperparameters, X_train, y_train, X_test, y_test, polynomials=True):  \n",
    "    df_results = pd.DataFrame.from_dict(\n",
    "        {\n",
    "            'accuracy': [], \n",
    "            'precision': [],\n",
    "            'recall': [],\n",
    "            'f_score': [],\n",
    "            'gamma': [],\n",
    "            'degree': [],\n",
    "            'penalty_c': []\n",
    "        }\n",
    "    )\n",
    "    \n",
    "    if polynomials:\n",
    "        for gamma in hyperparameters['gamma']:\n",
    "            for degree in hyperparameters['degree']:\n",
    "                               \n",
    "                clf_poly = svm.SVC(\n",
    "                    kernel='poly',\n",
    "                    degree=degree,\n",
    "                    gamma=gamma\n",
    "                )\n",
    "                \n",
    "                accuracy, precision, recall, f_score = get_accuracy_precision_recall_f_score(\n",
    "                    clf_poly,\n",
    "                    X_train,\n",
    "                    y_train,\n",
    "                    X_test,\n",
    "                    y_test\n",
    "                )\n",
    "                \n",
    "                df_intermediate = pd.DataFrame.from_dict(\n",
    "                    {\n",
    "                        'accuracy': accuracy,\n",
    "                        'precision': precision,\n",
    "                        'recall': precision,\n",
    "                        'f_score': f_score,\n",
    "                        'gamma': gamma,\n",
    "                        'degree': degree,\n",
    "                        'penalty_c': None\n",
    "                    }\n",
    "                )                \n",
    "                df_results = df_results.append(\n",
    "                    df_intermediate,\n",
    "                    ignore_index=True\n",
    "                )\n",
    "                \n",
    "    else:\n",
    "        for gamma in hyperparameters['gamma']:\n",
    "            for penalty_c in hyperparameters['penalty_c']:\n",
    "                \n",
    "                clf_rbf = svm.SVC(\n",
    "                    kernel='rbf',\n",
    "                    gamma=gamma,\n",
    "                    C=penalty_c\n",
    "                )\n",
    "                \n",
    "                accuracy, precision, recall, f_score = get_accuracy_precision_recall_f_score(\n",
    "                    clf_rbf, \n",
    "                    X_train, \n",
    "                    y_train, \n",
    "                    X_test, \n",
    "                    y_test\n",
    "                )\n",
    "                \n",
    "                df_intermediate = pd.DataFrame.from_dict(\n",
    "                    {\n",
    "                        'accuracy': accuracy,\n",
    "                        'precision': precision,\n",
    "                        'recall': precision,\n",
    "                        'f_score': f_score,\n",
    "                        'gamma': gamma,\n",
    "                        'degree': None,\n",
    "                        'penalty_c': penalty_c\n",
    "                    }\n",
    "                )   \n",
    "                df_results = df_results.append(\n",
    "                    df_intermediate,\n",
    "                    ignore_index=True\n",
    "                )\n",
    "    \n",
    "    return df_results\n",
    "    \n",
    "list_gamma = ['scale', 'auto', 'auto_deprecated']\n",
    "#list_gamma = [0.1, 1]#, 'auto', 'auto_deprecated']\n",
    "\n",
    "hyperparameters = {\n",
    "    'gamma': list_gamma,\n",
    "    'degree': [0, 1, 2]#, 3]\n",
    "}\n",
    "df_results = analyze_svm(hyperparameters, X_train, y_train, X_test, y_test, polynomials=True)\n",
    "print('***POLY***')\n",
    "print('Sorted by accuracy')\n",
    "print(df_results.sort_values(by='accuracy', ascending=False))\n",
    "print('\\nSorted by precision')\n",
    "print(df_results.sort_values(by='precision', ascending=False))\n",
    "print('\\nSorted by recall')\n",
    "print(df_results.sort_values(by='recall', ascending=False))\n",
    "print('\\nSorted by f-score')\n",
    "print(df_results.sort_values(by='f_score', ascending=False)) \n",
    "\n",
    "hyperparameters = {\n",
    "    'gamma': list_gamma,\n",
    "    'penalty_c': [0.1, 1, 10]#, 100]\n",
    "}\n",
    "df_results = analyze_svm(hyperparameters, X_train, y_train, X_test, y_test, polynomials=False)\n",
    "print('\\n\\n\\n')\n",
    "print('***RBF***')\n",
    "print('Sorted by accuracy')\n",
    "print(df_results.sort_values(by='accuracy', ascending=False))\n",
    "print('\\nSorted by precision')\n",
    "print(df_results.sort_values(by='precision', ascending=False))\n",
    "print('\\nSorted by recall')\n",
    "print(df_results.sort_values(by='recall', ascending=False))\n",
    "print('\\nSorted by f-score')\n",
    "print(df_results.sort_values(by='f_score', ascending=False))"
   ]
  },
  {
   "cell_type": "markdown",
   "metadata": {},
   "source": [
    "# 5. Hyper, hyper!"
   ]
  },
  {
   "cell_type": "code",
   "execution_count": 6,
   "metadata": {},
   "outputs": [
    {
     "name": "stdout",
     "output_type": "stream",
     "text": [
      "Hyper, hyper!\n"
     ]
    }
   ],
   "source": [
    "print('Hyper, hyper!')"
   ]
  }
 ],
 "metadata": {
  "kernelspec": {
   "display_name": "Python 3",
   "language": "python",
   "name": "python3"
  },
  "language_info": {
   "codemirror_mode": {
    "name": "ipython",
    "version": 3
   },
   "file_extension": ".py",
   "mimetype": "text/x-python",
   "name": "python",
   "nbconvert_exporter": "python",
   "pygments_lexer": "ipython3",
   "version": "3.7.3"
  }
 },
 "nbformat": 4,
 "nbformat_minor": 2
}
